Searching for ROG Strix Go 2.4...
Device connected: /dev/hidraw5
[22:52:55] SET_FEATURE (64 bytes):
FF 08 00 FD 04 12 F1 03 52 01 00 00 00 00 00 00 00 00 00 00 00 00 00 00 00 00 00 00 00 00 00 00 00 00 00 00 00 00 00 00 00 00 00 00 00 00 00 00 00 00 00 00 00 00 00 00 00 00 00 00 00 00 00 00
[22:52:55] GET_FEATURE (64 bytes):
FF 1B 05 FE 12 04 1F 14 01 0A 01 28 10 40 15 01 01 8E E5 CA 2D B4 00 0A FD 00 00 00 00 00 00 00 00 00 00 00 00 00 00 00 00 00 00 00 00 00 00 00 00 00 00 00 00 00 00 00 00 00 00 00 00 00 00 00
Battery: 64%
[22:53:25] SET_FEATURE (64 bytes):
FF 08 00 FD 04 12 F1 03 52 01 00 00 00 00 00 00 00 00 00 00 00 00 00 00 00 00 00 00 00 00 00 00 00 00 00 00 00 00 00 00 00 00 00 00 00 00 00 00 00 00 00 00 00 00 00 00 00 00 00 00 00 00 00 00
[22:53:25] GET_FEATURE (64 bytes):
FF 1B 05 FE 12 04 1F 14 01 0A 01 28 10 40 15 01 01 8E E5 CA 2D B4 00 0A FD 00 00 00 00 00 00 00 00 00 00 00 00 00 00 00 00 00 00 00 00 00 00 00 00 00 00 00 00 00 00 00 00 00 00 00 00 00 00 00
[22:53:55] SET_FEATURE (64 bytes):
FF 08 00 FD 04 12 F1 03 52 01 00 00 00 00 00 00 00 00 00 00 00 00 00 00 00 00 00 00 00 00 00 00 00 00 00 00 00 00 00 00 00 00 00 00 00 00 00 00 00 00 00 00 00 00 00 00 00 00 00 00 00 00 00 00
[22:53:55] GET_FEATURE (64 bytes):
FF 1B 05 FE 12 04 1F 14 01 0A 01 2A 10 40 15 01 01 8E E5 CA 2D B4 00 0A FD 00 00 00 00 00 00 00 00 00 00 00 00 00 00 00 00 00 00 00 00 00 00 00 00 00 00 00 00 00 00 00 00 00 00 00 00 00 00 00
[22:54:25] SET_FEATURE (64 bytes):
FF 08 00 FD 04 12 F1 03 52 01 00 00 00 00 00 00 00 00 00 00 00 00 00 00 00 00 00 00 00 00 00 00 00 00 00 00 00 00 00 00 00 00 00 00 00 00 00 00 00 00 00 00 00 00 00 00 00 00 00 00 00 00 00 00
[22:54:25] GET_FEATURE (64 bytes):
FF 1B 05 FE 12 04 1F 14 01 0A 01 29 10 40 15 01 01 8E E5 CA 2D B4 00 0A FD 00 00 00 00 00 00 00 00 00 00 00 00 00 00 00 00 00 00 00 00 00 00 00 00 00 00 00 00 00 00 00 00 00 00 00 00 00 00 00
Searching for ROG Strix Go 2.4...
Device connected: /dev/hidraw5
[22:56:52] SET_FEATURE (64 bytes):
FF 08 00 FD 04 12 F1 03 52 01 00 00 00 00 00 00 00 00 00 00 00 00 00 00 00 00 00 00 00 00 00 00 00 00 00 00 00 00 00 00 00 00 00 00 00 00 00 00 00 00 00 00 00 00 00 00 00 00 00 00 00 00 00 00
[22:56:52] GET_FEATURE (64 bytes):
FF 1B 05 FE 12 04 1F 14 01 0A 01 2C 10 40 15 01 01 8E E5 CA 2D B4 00 0A FD 00 00 00 00 00 00 00 00 00 00 00 00 00 00 00 00 00 00 00 00 00 00 00 00 00 00 00 00 00 00 00 00 00 00 00 00 00 00 00
Battery: 64%
